Summary for 1C.fullBW.berti_pythia_sms_default
======================================================================================================================================================
Filename                                                                                   L1D_LOAD_Access  L1D_LOAD_MissRate(%)  L1D_PREFETCH_Access  L1D_PREFETCH_MissRate(%)  L2C_LOAD_Access  L2C_LOAD_MissRate(%)  L2C_PREFETCH_Access  L2C_PREFETCH_MissRate(%)  LLC_LOAD_Access  LLC_LOAD_MissRate(%)  LLC_PREFETCH_Access  LLC_PREFETCH_MissRate(%)  IPC
                                                                           Graph_GAP_bc-0 50562170         33.75                  6337266              93.06                    16613609         59.02                  42270182            61.74                     9553597          58.29                 50426726             60.90                     0.21
                                                                          Graph_GAP_bc-12 53187156         31.17                  7491594              92.86                    16156146         62.80                  46076957            66.75                     9794915          58.81                 57498012             62.88                     0.19
                                                                         Graph_GAP_bfs-10 41550579          7.72                  4643542              80.28                     2732106         16.31                  24340629            21.93                      418408          69.58                  9830530             69.79                     0.73
                                                                         Graph_GAP_bfs-14 40001173          6.35                  4236835              82.72                     2190519         20.22                  25979349            21.76                      405771          67.44                  9071302             69.01                     0.78
                                                                          Graph_GAP_cc-13 53006228         27.85                  4646664              73.68                    14338667         33.42                  29333360            35.59                     4744574          36.74                 22244528             38.75                     0.38
                                                                          Graph_GAP_cc-14 51645798         28.00                  4670947              69.39                    13969548         33.90                  27393657            36.85                     4689335          36.60                 21614532             38.94                     0.43
                                                                           Graph_GAP_cc-5 50477348         28.23                  4657189              66.10                    13711309         33.48                  26806287            35.37                     4550709          36.94                 20428469             39.23                     0.50
                                                                        Graph_GAP_sssp-10 49026616         19.77                  4174272              89.87                     9074977         42.22                  26631373            43.04                     3702015          39.85                 22003041             43.09                     0.65
                                                                        Graph_GAP_sssp-14 49437706         19.56                  4376086              87.76                     9038733         42.77                  27276667            43.96                     3725019          39.28                 22537230             42.78                     0.65
                   Graph_GMS_gms.k_clique_count_set_based.soc-pokec-relationships.slice-4 24403281          4.17                   304137              60.61                      382995         36.24                   2065158            53.85                       53980          82.27                   977276             74.34                     2.25
      Graph_GMS_gms.k_clique_list_danisch_edge_parallel.soc-pokec-relationships.slice-367 39070287         11.32                  1372300              40.52                     3638035         26.21                   4680528            25.76                      940471          63.29                  2574590             62.99                     1.11
       Graph_GMS_gms.k_clique_list_danisch_edge_parallel.soc-pokec-relationships.slice-80 37867276         12.66                  1845807              38.38                     3805311         31.47                   5411418            30.13                     1175791          66.09                  3366703             65.40                     1.05
      Graph_GMS_gms.k_clique_list_danisch_node_parallel.soc-pokec-relationships.slice-236 45555725          4.13                   276125              70.12                     1526783         39.23                   1948753            42.38                      589683          55.05                  1780719             55.81                     1.03
      Graph_GMS_gms.k_clique_list_danisch_node_parallel.soc-pokec-relationships.slice-248 45599068          6.16                   350565              77.59                     2199772         42.80                   2767734            46.42                      923876          50.79                  2736292             52.51                     0.91
               Graph_GMS_gms.k_clique_list_danisch_serial.soc-pokec-relationships.slice-4 24435953          4.23                   308680              60.32                      382158         41.65                   2552154            57.88                       56280          80.56                   975109             75.04                     2.25
                      Graph_GMS_gms.k_clique_star_list.soc-pokec-relationships.slice-1291 31545475          1.20                   585033              55.00                      252719         50.08                   2250302            38.76                      122846          91.86                  1260357             79.77                     1.41
       Graph_GMS_gms.maximal_clique_enum_bron_kerbosch.soc-pokec-relationships.slice-3852 44441330          0.86                  1367200             100.00                       22036         84.94                   8508337            14.61                       18696          22.62                  2312675             26.41                     2.21
                           Graph_GMS_gms.triangle_count.soc-pokec-relationships.slice-117 34335265          2.68                  1418670              88.90                      654319         62.85                   7958877            41.70                      402494          97.87                  4514049             80.77                     0.77
                           Graph_GMS_gms.triangle_count.soc-pokec-relationships.slice-137 38252738          4.71                  2438727              78.86                     1304829         61.26                  12568626            46.81                      779838          97.28                  7598884             81.57                     0.58
                           Graph_GMS_gms.triangle_count.soc-pokec-relationships.slice-360 38631135          5.22                  2524529              76.92                     1495331         64.70                  12739579            47.25                      948164          97.09                  7967287             82.08                     0.57
              Graph_Ligra_ligra_BFSCC.com-lj.ungraph.gcc_6.3.0_O3.drop_15500M.length_250M  9534596          9.06                  1474402              91.88                      224800         19.60                   8846110            34.76                       38393          99.86                  2967065             64.95                     1.45
              Graph_Ligra_ligra_BFSCC.com-lj.ungraph.gcc_6.3.0_O3.drop_17000M.length_250M 15432474         19.20                  1596572              58.03                     1988735         15.43                   9569353            40.08                      122266          42.65                  3530628             49.04                     1.97
        Graph_Ligra_ligra_BellmanFord.com-lj.ungraph.gcc_6.3.0_O3.drop_22250M.length_250M 15386042          7.31                  2620682              95.20                      300915         32.16                  15964590            31.48                       77128          99.70                  5276272             62.96                     1.40
                Graph_Ligra_ligra_CF.com-lj.ungraph.gcc_6.3.0_O3.drop_154750M.length_250M 21020686          8.38                  3191800              99.19                      142384         74.68                  17601042            43.54                      104754          99.99                  6225683             69.84                     1.85
                Graph_Ligra_ligra_CF.com-lj.ungraph.gcc_6.3.0_O3.drop_184750M.length_250M 30931667         18.18                  1196412              76.02                     1459591         79.02                   6631547            44.83                     1083570          94.82                  3925463             82.15                     1.03
Graph_Ligra_ligra_Components-Shortcut.com-lj.ungraph.gcc_6.3.0_O3.drop_17000M.length_250M 15447924         19.16                  1625665              58.64                     1966714         16.47                  10759886            43.25                      124097          41.67                  3529256             48.31                     1.96
Graph_Ligra_ligra_Components-Shortcut.com-lj.ungraph.gcc_6.3.0_O3.drop_22000M.length_250M 51281388         27.48                  4152425              66.79                    13627483         46.87                  24337814            38.50                     6370887          60.31                 21962473             57.91                     0.42
         Graph_Ligra_ligra_Components.com-lj.ungraph.gcc_6.3.0_O3.drop_15750M.length_250M 20150420          9.18                  2317046              89.35                      779823         10.87                  13419484            28.76                       71907          92.14                  4710749             65.06                     1.54
                Graph_Ligra_ligra_MIS.com-lj.ungraph.gcc_6.3.0_O3.drop_15750M.length_250M 20146304          9.15                  2318630              89.36                      777945         11.75                  14014867            27.46                       72479          92.18                  4713272             64.43                     1.54
                Graph_Ligra_ligra_MIS.com-lj.ungraph.gcc_6.3.0_O3.drop_21250M.length_250M 42283727         12.44                  4841521              58.95                     4887217          0.70                  21551383             6.71                       32868          53.13                  2747672             54.60                     2.02
           Graph_Ligra_ligra_PageRank.com-lj.ungraph.gcc_6.3.0_O3.drop_51000M.length_250M 39139252         43.70                  5778378              57.58                    16874055         16.46                  26640410            16.21                     2758386          51.84                 10093864             50.85                     1.18
      Graph_Ligra_ligra_PageRankDelta.com-lj.ungraph.gcc_6.3.0_O3.drop_17000M.length_250M 15460903         19.27                  1650680              59.04                     1973832         16.78                  10862143            43.29                      128983          41.77                  3565147             48.21                     1.95
      Graph_Ligra_ligra_PageRankDelta.com-lj.ungraph.gcc_6.3.0_O3.drop_24000M.length_250M 26711681         20.01                  2591726              75.22                     4616969         25.17                  18012198            35.00                      870478          68.80                  6868225             67.07                     1.06
       Graph_Ligra_ligra_PageRankDelta.com-lj.ungraph.gcc_6.3.0_O3.drop_6000M.length_250M 32653582          5.16                  1307889              77.16                     1072799         49.98                   9233965            46.01                      220106          75.02                  3542867             69.96                     1.07
              Graph_Ligra_ligra_Radii.com-lj.ungraph.gcc_6.3.0_O3.drop_24500M.length_250M 44067295         22.89                  6867160              66.03                     9502841          6.38                  28953986            11.97                      602047          46.43                  7104358             52.97                     0.98
              Graph_Ligra_ligra_Radii.com-lj.ungraph.gcc_6.3.0_O3.drop_25000M.length_250M 38896526         20.82                  2262011              87.82                     6100349         83.61                  15940195            55.89                     4895921          95.27                 16560523             91.21                     0.29
           Graph_Ligra_ligra_Triangle.com-lj.ungraph.gcc_6.3.0_O3.drop_25000M.length_250M 45131657         11.56                  3047550              91.61                     4914518         24.96                  14739337            25.03                     1223814          42.57                  8899306             45.46                     0.77
                                                                   SPEC17_602.gcc_s-1850B 34679132          4.12                  5034686              84.40                      729266         13.77                  24547179            29.91                       96030          68.14                  6978814             59.30                     1.39
                                                                    SPEC17_602.gcc_s-734B 29261005          2.51                  3432349              96.36                      375766         21.25                  17529669            16.26                       75566          79.81                  3889597             64.78                     2.01
                                                                SPEC17_603.bwaves_s-1740B 47791247          2.75                  2960007              91.30                     1234613         13.39                  14608543            30.42                      114579          78.83                  7175279             57.26                     2.50
                                                                 SPEC17_603.bwaves_s-891B 33768551          5.05                  3812386              99.61                      174625         95.25                  23515676            28.59                      165906          99.77                  7433282             63.57                     1.67
                                                                   SPEC17_605.mcf_s-1536B 32022548         39.99                  3822599              92.11                     9081906          9.41                  30581896            16.41                      852521          46.47                 11277295             62.42                     0.79
                                                                   SPEC17_605.mcf_s-1554B 72572176         22.45                 24833385              96.18                    10582544         62.71                  97346444            56.81                     5487775          33.00                 81829060             33.50                     0.68
                                                                   SPEC17_605.mcf_s-1644B 46368053          9.22                  8237422              97.28                     3929887         22.55                  36432906            28.08                      878955          36.01                 15878110             50.70                     0.22
                                                                    SPEC17_605.mcf_s-472B 51403889         13.09                  8692162              89.74                     4533754         65.19                  36830126            59.91                     2107662          71.43                 26618679             71.44                     0.74
                                                                    SPEC17_605.mcf_s-484B 46532822          6.06                  4612697              83.61                     2137400         50.03                  20524101            48.88                      851447          66.36                 14043571             72.82                     0.85
                                                             SPEC17_607.cactuBSSN_s-2421B 31352103         70.40                  6290922              39.32                    21340321          0.17                  19094473             7.87                       36907          72.11                  4432416             36.70                     2.74
                                                                   SPEC17_619.lbm_s-2676B  7099877          6.41                  1108279              88.20                      388825         27.88                   5927024            25.86                       75944          74.77                  2546091             63.97                     1.10
                                                                   SPEC17_619.lbm_s-2677B  7631624         21.60                  1477141              66.23                     1538872         24.23                   8173608            34.24                      221628          69.77                  4492779             66.23                     0.61
                                                                SPEC17_620.omnetpp_s-874B 38691487          9.32                  4132565              38.08                     2923521         40.53                   7497384            47.02                     1162416          75.74                  6241647             80.97                     0.55
                                                                   SPEC17_621.wrf_s-6673B 29435182          3.98                  2688878              87.62                      724003         25.56                  12366200            23.18                      150590          62.94                  3541276             57.14                     2.28
                                                               SPEC17_623.xalancbmk_s-10B 42076978         20.82                  4353426              81.72                     4505735         73.46                  18853087            67.07                     2992125          74.49                 19492987             77.51                     0.60
                                                             SPEC17_649.fotonik3d_s-1176B 28362288          2.22                  2598106              99.11                      107452         50.62                  16090708            24.95                       53228          99.97                  3374942             63.90                     3.33
                                                             SPEC17_649.fotonik3d_s-7084B 31331019          1.39                  3350926              91.19                      329196         13.87                  19749844            19.37                       42486          87.97                  6806392             53.92                     2.70
                                                                   SPEC17_654.roms_s-293B 41359166          0.98                  2504879              78.75                      202148         18.24                  12341742            17.70                       35346          97.53                  3206824             59.72                     2.78
                                                                   SPEC17_654.roms_s-294B 49081275          0.74                  3314709              77.49                       91862         56.08                  15011045            20.05                       50132          99.90                  4458157             62.36                     2.57
                                                                   SPEC17_654.roms_s-523B 39366014          2.97                  3226728              95.20                      228257         54.13                  17806283            34.41                      103305          94.24                  6505133             65.77                     1.68
                                             ai-ml_bark.cpp-bark-small.coarse_token_gen.1 48634793          3.84                  1733944              77.58                     1296727         53.89                   7143688            39.48                      444026          38.22                  1910599             49.37                     3.26
                                             ai-ml_bark.cpp-bark-small.coarse_token_gen.2 51183670         20.74                  7705570              63.27                     9075906          7.54                  16705773            13.80                      413047          53.35                  2359615             55.82                     3.08
                                             ai-ml_bark.cpp-bark-small.coarse_token_gen.4 52307326         23.51                  8987624              58.25                    10748553          7.95                  22782888            17.13                      402626          56.59                  2417652             65.92                     2.65
                                             ai-ml_bark.cpp-bark-small.coarse_token_gen.5 29251156         37.31                  5197340              74.01                     7798602         26.34                  20449915            65.55                     1152835          88.58                  8745472             87.89                     1.89
                                                ai-ml_biogpt.cpp-ggml-model-tocilizumab.1 60092533         49.13                 12148131              80.74                    25974039         93.24                  63812938            97.46                     6298012          95.84                 47230436             98.70                     0.59
                                                ai-ml_biogpt.cpp-ggml-model-tocilizumab.2 61721588         50.22                 13635533              90.72                    23505464         92.71                  75949608            97.27                     5387238          95.80                 46537600             98.76                     0.60
                                                ai-ml_biogpt.cpp-ggml-model-tocilizumab.3 62082230         51.08                 13094308              85.21                    25499437         93.08                  79921258            97.77                     6022265          95.35                 47433183             98.64                     0.59
                                                                       ai-ml_clip_trace_1 48201159          4.63                 10498032              16.55                      750981         25.60                   8369071            34.21                      121621          75.31                  1311899             86.31                     3.54
                                                                       ai-ml_clip_trace_3 47875304          5.26                  8828924              20.38                      890477         32.67                   9159352            36.49                      180383          65.51                  1676068             79.09                     3.21
                                                             ai-ml_llama2.c-stories110M.1 35898434         42.57                  6071428              99.27                     1724339         94.65                  31203199            96.02                      802749          98.35                 12952337             98.79                     1.94
                                                             ai-ml_llama2.c-stories110M.2 36615224         42.27                  6100539              99.20                     1694303         93.54                  31442208            95.89                      777898          98.16                 12977872             98.82                     1.93
                                                             ai-ml_llama2.c-stories110M.3 36934336         42.79                  6126701              99.16                     1640696         93.29                  31408238            96.41                      752068          98.43                 13000437             98.84                     1.92
                                                              ai-ml_llama2.c-stories15M.1 36575760         24.03                  5965492              97.96                     1205409         76.97                  26754401            88.12                      745238          93.23                 12528092             91.63                     2.23
                                                              ai-ml_llama2.c-stories15M.2 36900375         25.17                  5849532              97.77                     1250440         78.36                  28194499            87.97                      689348          93.31                 12323023             92.24                     2.17
                                                              ai-ml_llama2.c-stories15M.3 36882714         26.22                  5840395              97.27                     1281983         81.88                  28660255            83.63                      615956          94.23                 12383535             91.66                     2.10
                                                              ai-ml_llama2.c-stories42M.1 36270751         38.33                  6249272              98.80                     1243828         88.25                  31084140            94.53                      561956          94.67                 13057641             97.53                     2.22
                                                              ai-ml_llama2.c-stories42M.2 36704691         38.52                  6266952              98.66                     1231810         88.66                  31414244            94.47                      537677          94.73                 13054158             97.72                     2.21
                                                              ai-ml_llama2.c-stories42M.3 36472607         38.73                  6258715              98.73                     1241453         88.35                  31424769            94.53                      541715          94.59                 13070529             97.81                     2.22
                                                                       ai-ml_rwkv_trace_1 35296859         91.09                  2692133              25.29                    32075420         24.05                 115566402            34.98                     3914784          64.55                 60351628             64.93                     0.12
                                                                       ai-ml_rwkv_trace_2 50141702         47.56                  7855508              65.63                    19758944         98.74                  79303469            98.41                     7214955          96.58                 34841528             99.57                     0.68
                                                ai-ml_stable-diffusion.cpp-sd-v1-4.ckpt.1 61468981         76.03                 19272035              65.94                    41382747          5.15                  22229085            14.93                     1448064          67.52                  3348991             71.37                     2.35
                                                ai-ml_stable-diffusion.cpp-sd-v1-4.ckpt.2 58187911         37.68                 15263038              62.85                    19301316          7.24                  33820200            11.21                      369141          95.61                  2590525             97.37                     2.68
                                         ai-ml_stable-diffusion.cpp-v1-5-pruned-emaonly.2 50495982         50.82                 13169219              68.26                    22312567          4.19                  18323712             6.33                      687412          49.68                  1812372             57.16                     2.65
                                      ai-ml_stable-diffusion.cpp-v2-1_768-nonema-pruned.1 78076195         40.50                 17055584              40.00                    29472367          6.30                  30109092             8.48                      613497          79.45                  3524012             84.05                     1.80
                                      ai-ml_stable-diffusion.cpp-v2-1_768-nonema-pruned.2 60143534         39.23                 16754783              48.93                    21144951          6.85                  31898497            12.44                      287405          82.29                  2800683             92.80                     2.60
                                      ai-ml_stable-diffusion.cpp-v2-1_768-nonema-pruned.3 58175919         37.71                 15227193              62.49                    19347574          7.24                  33246723            10.67                      431109          96.07                  2528458             97.30                     2.67
                                       ai-ml_vit.cpp-base-ggml-model-f16.gguf.armadillo.1 48605090         11.70                  8615324              90.78                     2743293          9.31                  28930563             9.76                      145795          62.43                  1597199             68.44                     3.40
                                      ai-ml_vit.cpp-large-ggml-model-f16.gguf.armadillo.1 48566306          7.27                  4731621              88.67                     1629046         15.76                  15116168            12.65                      159486          83.99                  1492667             80.81                     3.47
                                                                    ai-ml_whisper_trace_1 52364655          6.89                 10284872              14.59                     3119536         32.52                  12311205            37.02                      397922          72.27                  2198547             85.98                     2.98
                                                                    ai-ml_whisper_trace_2 52132411          6.52                 11268702              13.88                     2874292         35.41                  11640864            39.26                      396420          71.63                  2199224             86.09                     2.99
                                                                    ai-ml_whisper_trace_3 52256718          6.57                 10139026              14.35                     2946859         34.44                  12245454            37.52                      390875          72.35                  2206850             86.10                     2.98
                                                                  gtraces_v2_arizona_0000 32832201          1.69                   751266              59.09                      493340         37.19                   3952560            25.40                      111970          73.97                   968153             70.27                     1.74
                                                                  gtraces_v2_arizona_0001 33219518          1.91                   801897              59.95                      564215         43.72                   4398799            25.36                      143306          71.63                   910239             70.74                     1.73
                                                                  gtraces_v2_arizona_0002 24308776          2.78                   993833              72.10                      619897         41.35                   4603896            25.65                      237833          70.94                  1436382             69.17                     1.98
                                                                  gtraces_v2_charlie_0000 33075041          1.74                   958096              65.39                      958880         15.19                   5621884            21.62                      126400          88.41                  1471032             75.32                     1.37
                                                                  gtraces_v2_charlie_0001 33623411          2.79                  1478767              70.68                     1620476         10.54                   9775343            19.00                      145260          85.81                  1983865             73.96                     1.28
                                                                  gtraces_v2_charlie_0002 32202059          5.13                  1750948              68.44                     2162563         23.48                  10912813            26.31                      460192          84.48                  3112778             80.20                     0.87
                                                                  gtraces_v2_charlie_0003 31508020         12.71                  2667449              67.88                     3987192         19.87                  12146031            25.70                      715118          80.28                  3598732             84.07                     0.80
                                                                  gtraces_v2_charlie_0004 30635503          4.32                  1890602              41.65                     1725025         26.07                   6679622            31.12                      403524          85.52                  2292298             83.05                     0.99
                                                                   gtraces_v2_merced_0000 33079067          7.70                  3425131              33.27                     2523997         25.81                   9617442            29.87                      564798          83.68                  2679068             80.29                     0.76
                                                                   gtraces_v2_merced_0001 33668516          9.10                  2803349              58.20                     3963837         28.79                  16275743            27.60                     1012121          85.53                  4484877             81.64                     0.59
                                                                   gtraces_v2_merced_0002 30855013          7.39                  2343855              59.18                     3226968         31.16                  14116229            34.35                      851455          84.29                  4230738             81.86                     0.63
                                                                   gtraces_v2_merced_0003 30889993          8.58                  2353835              56.42                     3523816         33.17                  13651522            35.06                     1027841          88.14                  4407839             84.14                     0.58
                                                                   gtraces_v2_merced_0004 29038460          8.12                  2460214              58.34                     3237591         27.73                  13738747            31.78                      770964          83.96                  3878532             80.76                     0.66
                                                               gtraces_v2_sierra.a.3_0000 35832908          9.40                  2950725              50.39                     9334765         18.18                  29922135            23.54                     1458493          70.59                  5974210             70.14                     0.44
                                                               gtraces_v2_sierra.a.3_0001 33919293          7.55                  2727148              41.65                     7021559         18.33                  23088598            22.78                     1104343          70.68                  4483360             69.83                     0.54
                                                               gtraces_v2_sierra.a.3_0002 34165091          8.05                  2766495              42.84                     7457979         18.23                  24263742            22.65                     1158488          71.60                  4668764             69.91                     0.52
                                                               gtraces_v2_sierra.a.3_0003 35534520          9.01                  3027232              48.45                     7500374         18.04                  25510624            22.97                     1131974          76.18                  4806444             74.36                     0.52
                                                               gtraces_v2_sierra.a.3_0004 35953929          9.11                  3067311              48.31                     7911729         17.70                  26800843            22.32                     1183418          73.09                  5029198             71.60                     0.51
                                                               gtraces_v2_sierra.a.4_0000 36180041          9.83                  3012059              54.15                     6848998         24.47                  24061859            28.91                     1405053          79.92                  5598042             77.60                     0.46
                                                               gtraces_v2_sierra.a.4_0001 37538466         10.69                  3115105              55.15                     8871373         23.83                  29751636            28.59                     1781948          73.71                  7038404             71.47                     0.39
                                                               gtraces_v2_sierra.a.4_0002 34916364         10.23                  2544546              56.49                     8146747         23.98                  26719296            29.49                     1652895          74.66                  6318933             72.83                     0.40
                                                               gtraces_v2_sierra.a.4_0003 34179930          9.49                  2483438              55.21                     6520656         25.53                  21576910            30.77                     1425064          77.99                  5652203             75.85                     0.45
                                                               gtraces_v2_sierra.a.4_0004 33198619         10.52                  2656430              64.17                     5936992         26.06                  20854646            34.61                     1312185          79.64                  6731345             80.64                     0.48
                                                               gtraces_v2_sierra.a.6_0000 34957139          9.78                  2516124              52.90                    10108270         12.85                  30840048            15.66                     1145810          74.95                  4565709             72.58                     0.50
                                                               gtraces_v2_sierra.a.6_0001 33908680         11.41                  3174119              65.28                     9610598         16.41                  32173474            25.32                     1347230          76.01                  7625492             79.13                     0.47
                                                               gtraces_v2_sierra.a.6_0002 34788194          9.53                  2424546              53.67                     9707037         15.47                  29791477            19.03                     1312118          72.83                  5116515             71.06                     0.48
                                                               gtraces_v2_sierra.a.6_0003 34868254         10.59                  2805758              58.82                    10091243         16.20                  32008645            22.45                     1402482          74.80                  6474006             74.99                     0.46
                                                               gtraces_v2_sierra.a.6_0004 35372135          9.83                  2542206              52.85                    10352671         13.65                  31544707            16.84                     1236181          73.87                  4931740             71.19                     0.48
                                                                    gtraces_v2_tahoe_0000 36415431          4.88                  1473009              57.25                     2926085         31.27                  10587877            37.16                      796420          78.42                  3628045             74.24                     0.65
                                                                    gtraces_v2_tahoe_0001 35088924          6.91                  1928394              59.41                     3665602         33.71                  13265493            40.01                     1057405          83.57                  4600290             80.85                     0.54
                                                                    gtraces_v2_tahoe_0002 31375659          8.12                  1825353              68.84                     1789469         38.56                   7249000            41.47                      643028          87.59                  3632339             76.54                     0.76
                                                                    gtraces_v2_tahoe_0003 34838942          6.55                  1992718              55.29                     3876012         29.41                  13769759            36.65                      969130          80.88                  4409097             76.69                     0.54
                                                                    gtraces_v2_tahoe_0004 36928975          4.81                  1472927              57.23                     2637392         31.80                   9499038            38.86                      717191          83.47                  3161160             80.83                     0.66
                                                                    gtraces_v2_tango_0000 32256995          6.87                  1957321              47.86                     4559892         18.06                  15142637            20.84                      744005          74.45                  3372015             72.98                     0.60
                                                                    gtraces_v2_tango_0001 29655519          6.89                  1619456              51.53                     3132444         24.46                  10741443            24.62                      706841          84.74                  2910045             81.65                     0.69
                                                                    gtraces_v2_tango_0002 32643353          6.82                  2095934              49.15                     4420673         17.50                  15330193            20.18                      698440          74.42                  3389733             73.25                     0.62
                                                                    gtraces_v2_tango_0003 31948944          7.34                  1903318              49.03                     4430495         21.32                  14484115            24.06                      856488          74.45                  3770242             72.93                     0.57
                                                                    gtraces_v2_tango_0004 31435315          6.86                  1759058              48.88                     3946602         21.09                  13023695            24.07                      751050          70.51                  3411649             74.62                     0.63
                                                                   gtraces_v2_yankee_0000 34377135          6.48                  2203571              60.45                     3966613         29.57                  16350743            33.39                      987971          69.80                  4645687             68.85                     0.58
                                                                   gtraces_v2_yankee_0001 34221970          6.26                  2184733              60.23                     3682302         30.11                  15753615            33.37                      932984          70.56                  4588621             68.51                     0.60
                                                                   gtraces_v2_yankee_0002 32577837          5.43                  1972205              56.53                     2972515         28.91                  12658633            31.89                      722876          68.51                  3506332             68.32                     0.73
                                                                   gtraces_v2_yankee_0003 34492684          6.32                  2194529              60.53                     3888796         29.71                  16240414            33.21                      973460          65.70                  4621766             67.29                     0.60
                                                                   gtraces_v2_yankee_0004 34460607          6.43                  2259308              60.80                     3791913         29.92                  16284872            33.31                      954295          68.85                  4684003             67.98                     0.59